   5.5059638e-06
   1.1011928e-05
   5.5059638e-06
   6.7563712e-01
  -1.1749605e-01
   1.0000000e+00
   2.0000000e+00
   1.0000000e+00
   6.9658381e-01
  -1.5214163e-01
   1.0000000e+00
   2.0000000e+00
   1.0000000e+00
   7.4096222e-01
  -2.2554301e-01
   1.0000000e+00
   2.0000000e+00
   1.0000000e+00
   8.1433155e-01
  -3.4689505e-01
   1.0000000e+00
   2.0000000e+00
   1.0000000e+00
   9.2671735e-01
  -5.3277987e-01
   1.0000000e+00
   2.0000000e+00
   1.0000000e+00
   1.0953200e+00
  -8.1164669e-01
